151
8
64
65
7
183
228
94
216
160
203
189
15
233
251
217
52
35
76
73
12
61
50
13
87
9
30
31
199
153
13
146
14
71
54
124
214
212
107
213
228
238
183
63
219
168
109
83
44
47
128
102
114
52
100
252
23
62
22
101
212
70
184
141
152
193
150
68
70
244
237
45
97
199
78
45
118
84
67
233
65
6
32
14
105
211
140
231
4
35
56
177
158
74
210
78
248
188
85
145
228
32
158
231
213
86
233
231
31
249
181
81
154
93
172
223
245
67
240
136
117
13
70
207
130
63
198
58
21
49
121
184
147
151
115
74
186
59
178
176
222
88
105
180
6
219
187
248
20
190
194
244
181
144
9
45
223
29
162
62
64
83
6
162
45
32
214
203
64
205
16
36
111
178
129
73
246
137
126
77
10
52
89
28
143
136
0
224
169
213
190
180
156
234
20
121
226
121
241
5
107
219
147
190
229
83
229
22
111
245
21
214
154
179
250
179
87
198
116
226
130
225
127
183
200
76
13
68
216
192
38
79
9
17
28
112
164
247
167
182
157
77
37
114
252
126
144
152
204
33
37
56
254
129
79
8
134
217
99
190
256
48
91
122
226
173
11
186
22
256
191
148
95
147
243
127
110
246
185
95
238
233
112
19
170
96
170
192
212
21
101
21
115
13
192
208
112
157
98
190
125
57
184
171
201
135
219
83
51
30
142
98
159
61
37
52
51
213
7
201
181
56
210
53
150
209
89
76
138
79
137
168
84
191
45
244
256
95
9
187
199
215
64
5
23
201
247
115
103
161
46
35
128
81
157
246
200
48
40
123
148
95
149
82
69
145
210
215
195
38
151
109
245
251
9
152
66
181
150
143
110
90
111
31
75
89
26
162
249
232
227
36
113
56
94
70
18
202
69
195
116
77
65
127
179
45
39
31
69
106
222
32
183
97
103
88
233
22
80
144
48
180
224
249
61
172
48
129
200
119
124
82
166
37
172
50
154
91
161
189
84
181
65
221
244
8
221
96
34
191
15
3
254
112
59
240
190
65
157
228
191
95
43
39
18
136
30
200
62
197
184
2
94
18
157
1
182
181
111
158
234
32
158
119
128
104
41
196
118
100
10
31
60
128
46
1
6
66
89
136
97
189
74
94
6
212
85
171
103
92
204
176
33
55
72
54
17
81
188
44
190
96
139
124
172
240
58
156
127
33
208
57
224
208
219
137
7
78
215
100
63
27
64
102
78
241
129
73
173
242
178
117
213
132
113
62
90
140
194
158
243
30
168
235
67
255
113
244
72
147
134
134
176
3
38
186
135
18
114
197
123
98
147
224
19
211
85
209
99
197
135
38
136
65
114
207
72
31
142
173
222
202
54
220
158
83
2
4
146
9
15
155
117
179
144
179
177
58
181
171
183
63
109
165
197
208
134
249
53
91
4
192
220
62
84
129
112
197
96
108
109
49
3
235
149
55
210
128
162
65
214
102
67
27
54
245
71
98
159
73
97
140
160
202
232
24
101
113
67
230
47
62
181
20
101
113
214
50
173
148
27
76
61
65
7
138
193
176
134
60
95
230
69
139
97
185
189
215
236
168
10
235
202
64
124
218
225
183
174
230
82
186
204
242
25
145
162
203
167
15
9
67
199
167
35
163
27
175
20
199
150
239
124
6
125
65
195
221
213
16
43
213
23
183
247
94
60
7
93
39
91
198
49
19
166
223
162
167
97
73
93
71
102
21
49
197
214
185
65
206
102
177
78
167
102
190
42
216
83
96
164
57
168
247