51957
54394
21683
26037
7318
25936
55732
41985
52741
47569
8262
24558
46612
3546
50219
62649
49903
55593
54958
40862
48084
4049
54756
21037
9909
50221
24230
49022
14163
13275
48026
56605
3874
54557
46344
59595
5307
22613
64363
22102
18148
3488
23754
3585
4176
40959
15846
1634
16687
2071
61621
57242
10333
4799
62008
24252
2925
60215
47805
62681
20671
8708
41773
40121
49297
51163
24238
3853
14920
9027
59673
40838
26015
486
53732
7124
5940
4058
46267
45054
14088
40933
54234
14190
3376
59746
15126
43449
65105
65166
63633
49710
20909
46884
7202
3436
62748
19602
24623
40650
58073
18935
949
24414
47076
60064
41888
11827
45971
62892
9208
22404
46504
6585
51695
21935
60205
10202
56814
48769
47363
6072
2230
42591
10553
7009
18163
17829
58156
63786
50381
51897
15676
63929
47055
24308
58143
47826
40621
21855
45943
11271
22236
20862
18490
42104
67
62288
42471
48051
58047
150
60374
2037
15073
14388
7879
2513
1741
59652
50313
51474
5765
22435
46216
11316
44620
8429
54473
41360
22077
21170
54210
48201
25709
5629
45245
21454
60140
54073
9445
46147
20664
19192
44595
1852
62635
52059
49382
47577
51220
44206
14851
61524
63793
8640
14182
17394
17654
49831
13718
55957
58190
18944
59386
47641
24730
24729
20643
40013
19106
52029
23426
25073
8849
62759
45329
63664
3171
40342
21917
493
24911
23561
56631
9852
51746
61864
26077
62317
16650
22542
40206
9173
54839
60949
22839
43355
47897
48291
23296
12984
15077
3003
7344
50931
48485
51849
64018
49160
23169
5710
1672
301
9485
16343
10046
40930
4016
58291
2494
51035
48341
60353
21811
14665
48786
48689
59292
56338
63393
61066
49601
63893
44944
20361
3507
53180
54517
10021
14662
15215
51247
39921
14155
11347
18929
17468
5874
52024
877
7414
19994
20946
17129
17764
14603
17938
65077
57653
61626
19192
61722
39966
20662
8341
46988
64968
45053
25620
13766
59577
44509
892
49751
41849
62257
65453
8403
7139
39757
16319
20614
13906
21853
65319
8327
23216
23223
17066
17308
18456
61730
17407
50106
1543
55207
39473
5354
43646
10719
41816
2457
21995
44471
57091
3150
21003
59622
59682
55795
8758
4786
12236
55037
23999
41082
2667
10122
62692
3068
50279
42261
59501
19863
1484
8464
22285
40467
43094
65152
23978
50272
19603
25266
23124
21840
48297
12818
54937
8925
40302
53004
11550
18294
41285
50405
5148
11127
65306
23415
50792
58121
14556
55547
42269
61095
16058
21174
62073