549755813903
27584861250256935
20266198323167278
2533785891504128
9007680293371921
21955048183431299
19140298419535872
2252388224204833
532575944704
11258999068426368
2818048
571230650368
420910465135
21392282913603651
15481123721052160
519691042821
8726325573451776
25614222880669739
15
657129996288
554053206016
29836390481002622
3940649673949184
15200275807600641
700079669248
20547716250206237
0
678604832768
425204776960
31243859853836365
3014656
657129996288
382252154880
25614815586156570
43
563675802894363
18577567506235392
28991987030425653
89
678604832768
816046669824
45880554347823248
12384898979725312
9289314181578752
901943132160
32932877217824815
2883584
704374636544
206161838080
28710894301085776
83
846108557312
287766806537
45036425772859423
6473924464345112
747324309511
476743204864
10977549861847061
10977524093157376
652835028992
373662154752
3096572636168243
11
614180323328
257699807263
28711014560170071
71
644245094400
16044412976431117
27303218770673735
7036874417766498
717259538432
124554182656
1689090378432611
4222124650659872
803158884352
214748364800
3377957418565708
22
635655159808
450976153600
26740122787512405
3940649678405632
601295421440
416611827712
287762808931
14
682899800064
2686976
14918594672459803
106
730144440320
14918319798747140
25614519233413188
16325548650201107
670014898176
450973007872
10414909145743421
0
13793317535875102
408023203840
20266318584021041
50
687194767360
5910974516101120
309237645440
16325548649218068
627065225216
592705486848
26177447711997966
81
631360192512
3941096351596548
40251119238119582
19140298417831936
19703789535625244
661424963584
32932572275146798
4915200
661424963584
433793859628
21110833706696807
33776997208817664
356482285568
644245094405
33214047251857433
786455
575525617664
4504419966124038
38562071809360039
0
12948557598294016
7037480008482869
41939853134266418
6755399443021839
953482739712
575525617664
27021597764223048
3659174697238528
794568949760
743033798656
35184483757981767
0
541165879296
618479091712
24488322974285907
8725724281634816
661424963584
622770257958
28147927167795205
38
3096997837930496
373664317474
33777280673120304
23
9007560031993856
403730989084
18858823442038907
4222124650659840
365072220160
828928688128
20266198323167250
14
846108557312
240518496256
12385092248797263
327680
2252581497733120
403726925824
158913986668
10
708669603840
322128052224
8162976188072012
0
614180323328
528280977416
16607289913901125
0
468151435264
558349352960
12103518489018498
26
425201762304
296357920802
18014664797454429
262144
691489734656
2252212130545697
12666434081521749
786464
807453851648
798863917056
34058605325975686
1688849865113600
382252089344
571233009684
6192647056130109
3276802
635655159808
270582939682
15199927915249775
70
712964571136
14636874889429042
33495861530984574
51
14919131543371823
1126514087165952
20266198323691589
2251799813685248
700079669248
360780922884
14918487298277525
9288674231844864
601295421444
446677647360
25895981325221936
107
828928688128
373663989760
47006780673687651
10414574138294280
2815363947429912
3941027631071232
18295873487765518
38
867583393792
365072220160
27303429223219282
2228224
858993459200
412319875072
25614716801908841
13510798882832390
455266533376
592711712807
36310817456521249
39
356482285568
1407374884077568
25332984127160335
39
549755813888
373664251943
46443766294249540
720896
16326008210718720
609886863360
21955331653435419
79
571231043595
844532304314368
28992025680412672
5066549580791835
369367187456
365072678912
20266198323167314
31243722419994624
21673933983973398
923417968640
10696049115004979
0
386547056640
4222734538571814
26177198603894853
5348024558944256
575525617664
7881844808744960
27021606354157580
1407374886436869
785979015168
914829017118
35184406448570429
17169973579415556
382252941312
3378408393211907
27866022694354944
7881299352354816
631360192512
459561500672
7036908777504803
2533274790395913
704374636583
554052485120
21955061068333067
2
7319062359048210
584119943168
30399297484750848
281474976776237
549755813888
515396075520
16325548649218110
7036874418421760
317827579904
5348630147891200
14355223812243470
10
760209211396
863288426496
27866095708799035
562949953486848
2815462731677696
563302142705691
14073843324813417
7881299351568384
691489734656
953482739712
25332941177487468
41
743029342208
16044374325395509
38280687026962537
13792273861443635
914828034048
687194767360
7599845846024290
15762598695796736
1408216697143296
562641698816
30399323254554679
3866624
2533884675751936
670021517340
12103423998558384
15762598699532288
356482285568
790273982508
24207140054892544
36
738734374912
10414964984840260
52072990950555694
281474977431610
502511173632
8444691684327466
17169973580791915
25614222880669696
481036337152
858993655820
38843688519991296
458807
618475290624
15199859195772985
29273397577908338
20547673302892544
9007723240751104
16888730531987462
10414647152738394
7599824371187712
845180844376103
803158884352
36873282078638128
34
4785753208913920
377961971712
40251020453871711
6192449489797120
575525617664
9007620161536000
34903000191991840
59
863288426496
420907843584
39406883286548601
7599824371646506
5348797651615744
335010398235
37718115030663217
13229323905400883
6193158157238272
3940911666954240
37999212050251864
1769504
747324309504
412320923648
28710688142655651
19140298416324608
23081652464910336
747324440576
32932791318478863
15199648743161856
609885356032
184687853647
38281262552580164
27021597768679435
425201762304
2252036039311361
12384997759516729
10133099161583686
326417514496
563418104856576
57984085720563797
0
30962865913462790
8444588607143936
26740131377447010
2814749767106560
18578138736885760
691489734656
18296208497705022
0
618475290624
442387595264
32088344913510446
458795
798863917056
184683593728
8444713157787692
0
876173328384
25772490752
18014754991767590
22
7037518662860800
584119681024
26740672543326279
0
356482285568
154618822663
21673891034300432
844424930132070
304942678016
5630126600552496
64458066019483754
6192449489010723
4504076368740352
7318834727419906
32369892904665151
14636698790133839
807453917190
3659239121747968
14918298319716364
3659174697238582
773094113280
446677909504
31806818397192286
12947848930394112
11541075340689497
6474306716434432
562949953749041
26
914828034048
330712481792
20829625017958514
0
704374636544
274883280959
27866280392392790
29836347534409762
493921239040
545460846592
8444378150338717
281474976710657
532575944704
408026349591
32651359291441308
9
18015068524380160
563379453755392
5066549580791945
281474976710656
949187772416
571230650368
15481158078824534
0
867583393792
665723666432
6474091968856238
2533274790395911
773094113295
1689223523270656
24769918209622052
53
1073741824000
133145952256
16607388698148992
5348024557764608
803158884352
502511632384
7037166475542549
0
820338753536
14355223812243514
19421893652119579
3940649673949203
579820584960
3097109507997696
32088147345014906
5910974510923776
11540920721735680
605590388736
21955091133104254
1688849860263936
442381631488
463862890544
17451465735929975
24769797952045056
455266533376
919123001370
39969450987880464
1769472
4785757503881267
773097324544
18858823439614071
0
2252362454401024
794569801799
40814099256311808
4849664
691489734656
601295421501
32932572275146801
2533274792427566
523986010112
6474186458660936
28992167415840870
1125899906842675
614180323329
10978133978906624
41376920361893945
80
12385809508335637
197569282048
2533274793672841
2251799813685248
820338753536
223339085824
219043332205
0
949187772416
734442160128
17451654714490952
524288
601295421440
347893727302
9570174977966247
27021597764288512
219043332096
734443339776
3940649673949297
0
563684392828928
481036337152
19703450233208877
0
7319204092968961
485333073920
9288674231451723
0
751619276800
781684441088
10414638562803744
2251799813685248
725849473024
575525617664
5629499534213191
4785074604081181
700079669248
648542617600
28429311950192738
2
4785843403227136
614180323328
15762598695796778
13510798884208640
730144440320
751619276818
23925471804653673
18577348468080640
609885356032
884763656192
15762645940437088
39
743029342208
253407920128
12103423998558282
22799473117102080
622770257920
502511173632
14918379924094976
851968
725849473024
493921239062
39688049025613863
3604480
14355687668711424
1689116150464512
5348063212208247
1970324836974592
493921239040
16325810642223104
28992201774071838
80
897648164864
820340260870
63050914474229844
7599824371187780
14918852372201472
227636150272
37717904577265666
8725724279668810
678605094912
317827579904
36592197943951407
16044073672900620
382252089344
253405429760
21392274323668996
589834
5911537151639552
231928233984
10696195143893049
0
5630135189372928
528282157056
24769922504589379
9570149212094464
6192909049135104
339304185856
132
4222124650659840
528280977408
657129996298
27021919886770228
22
644245094400
12103814845562885
20266258452709488
8162774325133317
721554505738
554050781184
12947960597839872
37
768799145984
2815110544359424
39688117745090611
5066549583282199
743029342208
708669603840
22236716434587763
22799473113563161
511101108224
635655159808
39125318115524642
1835027
743029342208
249108103168
34058695520288897
281474979397632
648540061696
412318826506
28710623718146114
1688849860263936
1126715950628864
794569146368
34058626800812131
7881299347898385
644245094400
14355550230478848
26177318862979158
28
3660068050436096
704376143872
40532778898423880
17
4222940694446080
9007538558337027
36873449582362657
11821949021847620
876175884336
5629499536048129
12385294112260108
5066549580791910
708669603847
5629770118987776
28429101496795257
7318349394477056
27021975721345024
957777969152
33777087399591995
1179648
433792155648
330712481792
16325591599480940
0
566935683072
330713464851
35747820258459766
21
794568949760
493927923782
35747566855389259
5066549582692393
687194767360
214749216802
11540852002259107
16
674309865472
163220029491
23362788139204685
1688849860264007
9289228282232832
1689214933794836
10133099161583692
21110623253299200
369367187456
2533944805294080
17732923532771392
0
14918646212067328
712968175616
23925501869424696
1572864
6755859002556416
382252089344
11258999068426287
11
614180323328
721559027712
57984180209844264
2555954
837518622720
502511173632
19984860787572812
25051272927248404
575525617664
545461960732
39969717275852916
2251799814668308
588410519552
635656667136
36028998882427003
9
7037746296127488
94492164113
22518200000315444
65536
2534099424116736
588411961344
27584642207055954
5910974510923776
614180323333
597003599872
8725792999473248
0
528280977408
584115552256
35466027454169144
1114112
695784701952
481036402688
29273629506142307
14
8726536026849280
519691042816
32369828482842721
31
657129996288
678608633856
25614429039689883
6755399441055757
781684047872
558345748480
36028981702557759
2555932
966367641600
1407658351394852
5066768624123938
4503599627567142
966367641600
12385354242392138
32932825678217234
4785074604081235
554050781184
695787126812
31525201686560893
25051272927248384
9007340990103564
511103467520
15199648742375487
0
506806140928
670014898176
14355223812243469
2031616
1689532760064000
515396075520
9007276564152320
3932160
511101108224
597000847360
5066549580791878
13
450971566080
11540821937487926
24207406342864929
109
794568949815
24769926799556608
22518066856329256
844424930132080
691489734656
459563859981
50384222694670402
7881299355041792
493921239040
652835028992
19140414382211166
13229323905400865
339302481920
369369808896
45036219612004406
32
601295421440
485332615174
43910401309540454
11258999074127872
1407980473942016
81604509696
73014444072
22
3378442749870080
493924319232
36029166386151476
0
7037475713187840
10696482908405760
7599824371843168
27303072740933632
481036337152
773094113280
18859008123207775
0
627065225216
768800325682
46725189731352648
393270
6474663198720000
249108561920
31243829789065257
2251799813685270
708669603842
450972549120
27303072740933674
10133099163090944
554050781184
833223655424
24488322973827141
1769472
562640715776
420907646976
18014746401833024
18
691489734656
433791696896
25614313074982955
5348024557502477
3096813154336768
562643468288
9851718674153570
0
717259538461
8444635848376320
25051393186332735
10
18859729677713408
1970805873311755
41940119422238802
1376272
10697015482646565
472449089536
25332752198926375
4222124651708473
743029342208
279174643720
28147781138907204
14918173768089600
506806140928
281818577174528
35184552477458460
19703248372695066
403726925824
695785619479
32369897199632474
21673573206720512
7881359477440512
11541079635525632
46161896180547596
60
738735357974
844957506076672
38562088990539898
1507332
1971274024747008
214748626973
11822185245048889
20547673301516293
927712935947
652835618816
23081149953736782
1310741
579820584960
137445113903
13229512883961995
12947848928690176
14637115400781824
9570591591759874
30962294682812451
262144
648540061720
657131896832
7036874417766498
12384898975268864
12948269835485184
614180323328
26458647810801694
262144
575525617664
721555095562
38843671340122196
844424934064128
618475290624
296352743424
21392364517982214
52
764504178688
240521248768
38280931842654293
43
627065225216
481039220736
36029033245769791
7036874417766432
687194767360
347892350976
18859192806801493
23
678604832768
154622754845
29836888697208884
7881299347898373
4785435381334016
339305168916
27021597764223024
8725724279472128
3940941731725312
3096929118453760
29273397577908342
0
3378180756865024
18859446212034591
38843740059598914
5066549580791848
8163568893558784
927712935936
38562179183542357
9851624184872979
597000716288
10696354058862592
17451470038040644
39
781684047877
674311176192
18858990943338621
2533274791706624
4785594295123968
347892940824
10133481413673067
524288
605590388736
326421905438
30118174695358574
75
721554505728
5066635484266605
35747914747740270
2533274790395963
747324309504
2533493834973184
20266322881675298
117
661424963584
545462157312
44191605707636849
15762598696058880
8726115120054276
373665300480
104
6192449489600512
845150779604992
369367187456
6192827444756515
0
282157876510720
489631645719
16888829315121267
8725724278030352
1689296536862784
12666846398382080
20266198323363848
62
811748818944
386547056643
40814395609055326
3342336
670014898176
167506608141
20548038372425733
3377699720527958
502511173632
158916018176
37155040523190323
17
377957122048
296354578432
25614433334067281
19140298416390144
15481390007058432
682899800064
26177297388142700
0
3378069087715328
644247977984
30680798231265363
2621440
588410519552
506806140990
20547789263994928
3659174699270144
584115552256
502513598465
22799473113563182
327700
712964571136
3659501117112345
21110941080879165
28
605590388736
425201762305
31243778249457674
844424930131996
438086664192
485331304448
33777104579461226
3
7037492893057024
399431958528
40814180864360536
62
841813590016
176100999168
25895959850385508
18577348464017420
1971127995858944
597000454213
30680828296036428
9570149208883200
15200250037796895
1407881693822976
10696049115004984
1245184
639950127104
914828034048
18295873486192689
0
575525617664
614183010304
24488447527878683
983093
785979015178
442381631488
7036956022145096
4503599627370527
704374636544
296352743447
14073886274486362
6192449489534976
6474697558458381
532579418112
12947904763265088
0
12385444436115456
429496729600
7036874417766504
0
420906795008
627070599168
29555022878474317
262157
644245094400
816043786248
36873496827002884
562949953421359
648540061696
236225232933
39125120547029057
15762598700122123
433791696896
700082814984
13792389822939249
10696049115004928
2533725761961984
408022810642
24769952569360389
1703936
635655159808
7037175067377739
25895800936595561
5629499534213120
485331304448
463858106368
15762676005208080
29
571230650368
13792613163008023
34339947158700066
562949953421316
476741369856
1407770020544512
18577464427020349
7881299347898381
282076272132147
614181896192
32369824185188390
32
446676598784
635655487493
41377092159406146
1970324840972289
639950127104
193273528320
25332941177487395
6192449489272899
674309865472
171799609386
16607238374293590
28991922601197568
9007641636372480
940597837824
31806672368304226
0
10978013717987328
661430796288
12666373951979677
6473924467490816
2815385422266368
532575944729
10133180765962285
1310720
863288426496
2533639864713216
31806925771571263
3659174700187648
627065225216
532575944704
22518573662470234
17451448556060702
343597383680
420912627737
53199165735305272
116
5348509888806912
270584971264
29273556491698280
21673573209800704
9007736125652992
7318508308267008
9
6473924464345088
7037638921945123
282291020496896
26458716530278448
0
14074594944090112
588412289032
37717917462167664
5629499536769033
528281763840
579822944283
24206989731037235
14636698790854695
554050781184
442381631531
41377156583915577
15199648742965287
536870912000
22236926889820171
38280596832649290
6473924465066010
28992682810408963
588410912768
20547939587850301
0
760209211398
283469938688
25051401776267264
49
588410519552
399432482816
23925617833541669
589824
545460846592
249108103168
22799803826044928
45
395136991232
244813135872
21673886739333201
1407374883553280
330712481792
1689086084382728
35466048929005644
1966110
498216206336
442382483499
26177490661671076
1970324836974592
2252336684597248
223344197674
30399662556971058
74
597000454144
5066931835699214
21392098230861943
16888498602639360
4785585705189376
335008169984
7600039119552599
9
8726660580900928
3096426607280128
11822099347079219
29
816043786240
558348763136
37717818677919778
5629499538538496
2252310914793472
322122547200
55834574901
2
493921239040
446678106113
36310963485409359
43
373662154752
386547843124
10977524091715678
2293760
575525617664
635656994824
21955104018006113
12
11822765065633792
12385384311226401
46162003555516458
1114136
803159081010
7600133608964096
1966172
11258999068426243
743029342208
571230650368
34058854434078758
0
674309865472
2252422587940907
49821173957001364
15199648745455618
563495414267904
575526469632
17733262835187788
33
627065225216
4222124653674496
23925579178836027
37
811748818944
403728367616
16044344255447151
844424930131968
19704055823597568
605590388736
35466121943449630
57
695785226240
472450138112
19703441644454069
8444249301319693
498216206336
369371185195
37436704478461969
2687007
639950127104
231932035113
21955198507286603
10977524093026304
356482285568
124557852702
14918405693898777
0
347892350976
1126286454095872
15199648742375473
0
10414917735677952
506807517184
17170184033665097
0
279172874280
399433334784
12384898975334420
3
592705486848
330712481792
10133515773411403
0
601295421440
128851181577
9007517082320897
83
541165879296
515396665344
22799649207222400
0
425201762304
2814912977371159
9851873292976234
13792273858822151
541165879296
820340588609
45317690293747777
3932160
317827579904
455269679154
19984783475998895
1688849860263936
403726925824
631365632077
50384274234277888
67
661424963584
339302416384
12666764796231793
5629499534213120
313532612608
3096937708388352
43347146413441044
3735583
773094113280
528280977408
23081334637330533
10133099166695424
635655159808
81604378665
8162954713235518
8162774324609070
584115552256
704378306560
37717857332625526
0
7318993639571456
584115552256
27303072740933658
393216
652835028992
429500071936
8444292250992738
917504
549755813888
498216206336
10414879080972318
20
670014898176
455266533376
25332885342912569
12
563577018646528
536873795596
27584882725093460
1703936
468151435264
133148508187
4222184780202022
844424930132003
536870912000
476744187931
21392605036150846
33
459561500694
14918371339075596
18858909338959872
65
468151435264
420906795015
19421953781661755
3096224743817216
274877906944
9289086548312085
37436171902517248
3473448
446676598784
549756469253
21955108312973399
20266198323363840
167503724544
442382090285
34058472181989376
11540474049462272
266287972352
661426667520
12103423998558319
12384898976645120
5629843131596800
798863917111
34903094680616961
0
485331501094
21392605039034368
27021597764223004
2752526
734439407616
382252089344
18577460132053028
655360
755914244096
700082946063
37436597104279557
3377699720527956
459565236265
9288996354981888
22517998139080730
37
528280977408
343597383697
41658837719056437
9288674235580416
4222760305819673
528281960448
20266228387938369
59
867583393792
408024580096
45599040716406817
5066549585838080
1971093636120592
446679875584
786554
4503599627370496
515396075520
450971566080
18859201396736008
36
841813590016
7600344062230528
46443577315688534
5629499534213168
12104081128554496
532579483648
23644155741732946
11540474045595648
403726925824
455268892672
24769978339164175
1572872
536870912000
223339544585
28147832678514713
6473924464541696
3096680010350592
455266992146
32369721105973248
6192449487896576
4222438183272452
695786799104
18295873486192703
2814749768482816
158913789952
429496729643
27021838282391590
18
558345748480
631362814001
47851063868391470
112
725849473024
12384954810826806
28710705322917920
12384898976120894
682900717569
4785272173559808
13510798882111549
17169973579743255
498216206336
489626271765
34340187676868685
4503599628550144
10415037994762264
21673792251953152
20829148276588649
46
4504235282530304
399434448902
39688384033062972
3096224745062402
571230650368
18014527358500864
21673573206720550
10133099161583677
682899800064
614180454400
46725133896777776
20
13511395882565632
377957122048
32932744074559571
19421773394739200
498218303496
420908105728
27584732401238117
2097155
670014898176
566938501186
42221791967445057
12947848930983936
844893081567232
22799473115136028
12103423998558265
6755399441055774
622770257920
734441439232
29836600934400142
0
22799992804605952
386547056640
25051552100122707
1966089
2534146668757008
743033602053
30118178990325856
18014398511317004
481036337152
386547056655
7036925957374021
6473924464345088
459561500672
6474590184275968
48976645947654206
3866624
747324309504
5067241071378479
31806779742486634
16888498605129728
15200447606685696
644246863872
25051453315874832
50
592705486848
1689116153544777
35747498135912534
19984723348291586
468151435264
4785572820287488
29554924094226436
1179672
721554505728
429496795200
48414005231878167
3940649676177409
7318731646566400
335008038912
27866130069651511
2814749767106607
365074579480
511101960192
41095462568656947
35
519691042816
279176544256
27021722318274614
14073748841627648
712964571136
206158430208
249108103237
20
635655159808
3377746967199744
16044460219564113
54
11259712032997404
476743991296
16888580208787586
0
562640715776
244813725697
9288768720732263
2533274792165376
605590388736
450973466624
5348381039788186
58
639950127104
214749282326
25051517740384376
39
2252534253092864
369373347862
25895779461759143
5066549584199680
3378429864968192
481038827520
55834574924
7881299347898368
558345748480
433794973705
18858965173534815
5
515396075574
8726218203856896
14636698788954156
3
3941379818389504
442381631488
9007388233302085
0
584115552256
588414713856
25614278715244570
655424
618475290624
730148306944
48695463028719734
3145728
919123001344
304944840712
10415037996073011
9288674231451733
790274310152
176093790208
27584745288695830
88
661424963584
2252091874803712
30962522316079224
16607023628550144
19422396163293184
712964571136
22799670682058807
27
575525617664
343603937280
34621920351617154
54
738734374912
107376148492
24207264608944145
3659174697238614
760209211392
133144969233
26740389075484733
11540474047627270
562640715776
386548760577
20547892343210088
1688849860263970
1126325108604928
425203073065
24206903831691388
15481123719086083
5348415399526400
463860465669
18577348462903388
16888498602770432
11259566004109375
485331304448
1970324836974641
851968
579820584960
463857385472
89
0
691489734656
970662608896
27303132870475806
23
639950127110
506807975936
6755399441055829
11540474045136896
506806140928
485331304448
4503702706585633
0
661424963584
244815364096
3659226236846126
0
661424963584
485331304448
1407576747016210
12
674309865478
532575944704
13511108119756863
40
459561500672
64428310528
11822258259492945
131077
601295421440
519691042854
34903378148458528
55
562640715776
3377845751316508
24207157235220570
15481123719086156
438086664196
563336502509568
18858917928894570
1125899906842636
6755901952229376
554050781184
32932778433577036
4503599629664256
2533880380784665
871879475200
30962264618041426
10414574140784675
558345748480
579820584961
20547879458308202
3
2252542843027456
7318637160366121
33495672552423463
3407876
944892805127
588410519552
6192449487634522
8725724278030336
558345748480
734444847134
28147566390542403
786432
463856467968
721555423233
18577348462903420
6473924464345105
639950127104
5348308027637788
9007439772909647
6473924464345136
850403524640
844983276797952
14073748835532853
65536
768799145984
515396075520
4785074604081251
0
661424963630
12385242572783616
10696049115004950
50
1005022347264
395136991232
23362770959335522
393216
734439407616
266292494336
5629864606564400
13229323905400883
408021893120
3940915961921536
26740268816400446
7
468151435264
489626599424
41095724556877910
1245200
35185067873533972
330713726976
27866233147752496
6192449487634465
485331369984
609890336768
25332799443566675
24488322976776192
283467841536
661424963584
24206903831691264
2555904
558345748480
566935683125
48695286935060529
4653056
9007607276634112
721558175822
30962384877125697
19140298416324608
352188104715
575525617664
23080948090273821
33
506806140928
282011850833945
39688049025613892
4128768
12104179912802304
511101108224
7318495423365151
12
760209211398
11540568535728128
25332893933109278
50
721554505728
519693205504
9007267974479975
6755399441055744
489626271744
459564515328
36029093371707450
7599824371187759
11259604660191287
21111039867879424
21110623255199800
28
811748818944
579820584960
28992206069039152
3940649677881344
760209211392
322123005952
10414810361495607
16888498602639365
3941143595188224
807453851648
46162119518847002
13
506806140928
3096413724213248
19703308499681362
32
837518622720
317827579904
16888988228911117
44
914828034048
47246147584
8444532769161268
17169973579350056
609885356032
597000454144
13792480017252453
0
8444687387983872
588411568128
32932799908413590
1769472
511101108224
554056941631
20547810738831490
5629499537424384
605590388736
365072220177
7881617175478320
8
743029342208
16325720449679375
28991948371394610
39
563577018646531
893355032576
34058472182317187
2621440
618475290624
429498957859
20266554805452870
262191
712964571136
5066575354331213
34340428195037219
8444249301319784
605590388736
12948140989284378
41939887494004825
23080948090273799
12948235475746816
1126660116512768
40251041928708158
18
8163358441209865
438086664192
43628745944203280
1441831
743029342208
12887064576
22236810922950705
25614222882242560
597000454161
652835028992
27584732401238016
3096224743817240
408021893120
352189808640
15762598695796838
1970324839661568
7318800366043136
657129996344
33214459568717891
3377699722166272
455266533376
343599349760
13792273858822196
42
562640715776
777389670400
21673783660118068
458752
704374636544
2533545373335624
37436442485456994
46
644245094400
335014723584
19984968159592587
562949953421342
4222889154838528
1407697006100501
27866215967883309
1
712964571136
846111899648
39406651358314606
16325548649218048
7318787481141269
597001895936
20829148277702733
0
493921239040
485334581248
17451607469850723
3538944
708669603840
317827579904
5348260780703760
3
691489734656
1970758632341522
34902952946696241
0
2815299522920448
584118566912
14355352661786680
0
485331304448
184684904453
14637050976272389
56
433791696896
8726196724432896
24206985436069973
40
2252465533616128
566935683101
37999542762733617
15199648742375434
9852118106112006
665720127488
25614222880669737
6755399442497537
416612483072
476741369856
20547729134452841
1769472
708669603840
1407628287934496
20266533330616393
720948
932007903232
335007449117
20266593460158518
94
837518622720
386550136845
37436313637224575
8444249301319711
2815162083966976
330718707712
9851632774807722
15481123720265728
571230650368
399431958528
9570299532017731
0
816043786240
360783544422
32651488140460116
18577348463034368
17451843693051914
25333057141604352
13229323905400879
23
571230650368
5067215303278592
37436300751536227
131072
16044657788059648
597000454144
28710499164094515
24488322973827085
609887584285
11259359847120896
24769797950537839
131072
9289297001709568
773094637568
23643962468204592
3538944
678604832768
584115552256
5066609710334015
10696049115004961
717259538432
16044434449760282
30399495053246545
54
764504178688
730147258386
37999216345219155
14636698791837696
17452140045795328
390843990016
14636698788954134
15762598696910848
541166010378
687194767360
28428998417580071
4503599627370509
588410519552
635655159808
29836347531329560
8725724280258560
579820584960
846108557386
50665538757591053
21392098238201856
304942678016
670014898192
24206847997116498
8162774328868864
459561500672
605590388805
40814279644938319
52
639950127114
31806938658308096
42221246506598421
2228282
1073741824000
360777252864
16325694678106198
8444249302368256
3941439947931648
631361961984
24769991224066078
15199648742375450
377957711872
609889943552
18014398509482123
10977524091715584
377957122048
493921239040
12103591502282801
6
5911872159088667
519691042816
22799473113563198
1310720
4785937892507648
489629220864
281595235794980
3014656
751619276800
283467841536
193273528334
25
412316860416
7037054810587152
15199957980020851
281474976710688
498216206336
648540061696
30399662556971057
91
717259538432
171798691840
29273590851436658
5348024557895699
566935683072
395138236417
27021876937097326
26
747324309504
128849608704
21110855181533251
63
1000727379968
10133614557659136
17451448557568099
28147497671065634
489626271744
665720782848
37154980393648205
5
639950127104
184684052480
20547677594845254
393216
944892805120
425201762304
25051655179337787
0
837518622720
498217713664
25614446218969152
65604
743029342208
171800068120
25896273382998186
35
631360192512
2252130531213402
48977135573925978
12947848928690294
563692982763520
19984865081163776
33495762746736750
5066549580791867
8445129769615383
339305693184
40251321101582390
29
10978138272038912
184686215168
16888498605981765
5066549581578240
575525617664
562640715776
22236823807852606
281474976710676
1408010538713088
287762808832
21392304388440132
7881299349143563
4785714554208256
292059217920
5348131931685036
3377699722362880
506806140928
717259800605
30962689819803702
40
764504178688
17733099628593152
30962307570991184
96
743029342220
476743729152
21392162656092252
10977524091715584
743029342208
614181699584
19984895145148416
3940649678340096
571230650368
558345748480
19984981044494415
917504
180388626432
343602823195
28992300558319662
33
472446402560
1689189162680355
32651273392160798
32
575525617664
459562483751
28147617930149979
13792273858822164
9007727535718438
442382680064
12885033037
7
691489734656
511103270912
14918251075076179
3659174698614784
390842023936
571231240192
114
3342336
665719930880
77309411328
14355391315968043
38
837518622720
648545894400
28429269001896060
16044073672507392
399431958528
425202548736
6755399441055812
1407374883553280
592705486848
665720389632
27866361996771425
131072
15481639115161600
502513270789
20266361531924532
0
541165879302
335009611776
2359400
0
652835028992
472446402563
14918478708342847
22
957777707008
10977983653216273
13229396919845020
1970324836974651
790273982464
678611714110
18296272918151340
16607023625928721
541165879296
339303858176
844424930132040
2533274790395904
639950127104
541167845396
29273397577908323
4456448
18578100082180096
609885945856
1688858450198581
4
691489734677
2252169180872704
11540568536514624
34
545460846592
910533394432
40250921669623902
2752512
721554505728
519691042824
18014596077977701
10414574140129280
760209211392
360779415582
25051487675613220
3145758
764504178688
438089678928
37999577122472038
4503599627370496
433791696896
519699169313
36310327830249475
3940649673949241
343597383680
519691042829
33214090201530406
15762615875665920
356482285574
6192836034691072
18858823439613963
14
14918826600693766
579820584960
29273474887319587
3145728
14074328656117760
446676598784
13792286743724094
6755399441580032
528280977409
442386153472
24207152939794435
41
463856467968
463856467968
23643906633629722
5629499534213120
377957122048